15 
80
5 6 17
6 2 38
2 5 6
5 3 31
3 11 49
11 10 17
10 7 0
7 6 21
6 3 39
3 12 11
12 5 47
5 1 24
1 14 10
14 3 21
8 0 37
12 9 25
2 10 20
6 14 19
1 11 6
5 9 33
2 14 44
7 13 23
10 14 6
3 8 16
6 10 26
10 3 24
7 9 26
1 6 2
10 9 48
6 8 42
11 12 26
7 3 32
2 9 28
1 0 27
13 11 9
14 12 25
8 4 17
12 7 46
0 12 3
4 12 31
2 3 25
1 4 33
7 0 20
3 0 17
13 0 8
10 12 29
4 13 11
8 2 44
10 5 20
5 13 45
14 7 46
5 7 44
9 3 16
8 7 28
14 9 4
7 1 36
14 0 15
5 4 23
7 4 2
13 8 23
2 7 31
8 12 40
3 1 28
8 9 32
14 13 20
10 13 15
3 4 28
5 0 47
11 4 48
9 4 25
11 2 40
10 8 44
2 4 39
12 6 39
14 8 35
2 13 17
11 8 26
1 9 44
14 4 1
11 0 30

