100 
3800
94 27 79
27 56 36
56 43 31
43 80 63
80 7 96
7 12 77
12 60 22
60 80 86
80 77 54
77 0 95
0 32 86
32 66 52
66 21 51
21 15 96
15 45 15
45 91 24
91 94 99
94 12 89
12 31 93
31 4 90
4 89 16
89 19 49
19 39 0
39 88 68
88 6 40
6 15 39
15 26 81
26 43 47
43 84 11
84 44 29
44 78 87
78 53 24
53 86 17
86 66 69
66 62 70
62 11 52
11 87 31
87 53 78
53 83 93
83 98 89
98 85 65
85 80 11
80 98 76
98 11 82
11 39 7
39 17 46
17 16 93
16 84 33
84 59 54
59 96 30
96 17 0
17 69 0
69 5 99
5 83 51
83 97 25
97 36 14
36 5 0
5 12 33
12 11 94
11 72 18
72 57 89
57 16 25
16 35 0
35 10 94
10 6 58
6 76 24
76 10 45
10 24 68
24 44 60
44 19 93
19 85 7
85 59 42
59 7 71
7 76 18
76 65 48
65 88 74
88 90 4
90 51 25
51 57 62
57 71 63
71 20 48
20 39 83
39 45 16
45 51 42
51 76 70
76 87 61
87 29 47
29 3 37
3 18 31
18 7 36
7 96 62
96 22 52
22 14 47
14 9 76
9 70 25
70 48 18
48 64 31
64 16 32
16 82 58
8 4 45
21 34 92
77 71 63
8 78 99
40 26 61
62 31 75
61 92 3
32 17 52
2 34 83
18 66 18
28 27 22
74 48 56
18 25 79
81 86 10
32 26 88
46 89 19
21 2 12
77 34 81
29 89 15
64 7 82
82 36 61
5 62 9
13 80 87
45 14 73
7 46 99
95 92 40
67 66 43
79 43 29
12 24 18
28 88 78
62 71 66
23 28 28
84 41 60
71 38 26
44 45 25
96 41 69
88 8 35
31 39 30
61 51 54
31 95 9
93 18 75
68 46 55
53 39 68
24 78 94
21 23 19
69 64 89
57 24 76
41 15 59
54 67 65
60 47 44
78 74 12
24 30 65
64 98 42
42 44 15
17 64 84
82 5 93
58 33 34
74 92 88
41 58 26
91 18 73
35 49 47
0 73 29
17 89 79
59 83 24
26 1 40
97 4 93
30 90 19
23 79 12
81 57 4
51 30 91
0 29 43
26 59 61
67 90 72
51 66 99
4 6 9
39 55 65
84 86 56
4 61 87
16 42 44
72 45 26
16 46 7
59 24 66
20 91 9
93 94 75
44 98 34
5 89 89
71 26 75
79 82 36
18 50 30
14 23 76
92 39 74
99 50 50
18 71 41
27 16 88
2 60 38
36 17 80
78 88 6
5 19 40
42 89 90
24 55 65
52 47 4
78 47 55
28 17 78
22 44 46
10 98 58
0 87 75
80 65 16
38 70 35
78 64 77
69 41 32
34 93 32
91 72 31
98 52 48
28 74 44
74 36 42
32 37 81
7 69 98
23 8 69
11 38 85
40 59 26
24 46 72
56 37 96
39 87 48
87 15 75
31 41 11
26 25 0
59 32 22
58 8 82
79 71 20
64 63 80
43 87 26
67 96 15
63 35 2
63 75 69
38 6 62
2 84 87
54 44 71
76 2 79
2 31 97
65 11 92
11 1 56
74 88 10
90 63 79
28 22 41
82 6 80
37 2 51
13 56 83
24 89 85
7 39 3
70 31 8
59 43 61
15 69 49
25 59 13
56 40 35
49 22 93
29 59 96
32 25 52
15 1 94
53 8 33
56 78 16
16 89 11
77 56 81
78 33 92
43 41 32
78 90 55
24 71 66
20 3 43
24 19 44
70 72 4
3 80 82
20 96 23
83 25 79
16 55 64
9 99 5
93 29 95
0 53 18
67 73 22
10 50 93
7 20 17
11 76 49
46 48 97
69 31 22
1 48 29
65 9 28
71 2 58
66 3 11
37 22 37
11 32 39
56 91 11
73 3 87
74 49 35
19 93 19
19 74 85
28 3 8
30 13 26
85 24 63
7 13 74
92 52 30
83 64 55
38 3 29
0 58 10
45 29 29
20 66 57
75 74 39
88 1 25
64 84 78
91 28 82
73 64 46
29 2 50
58 42 41
11 0 51
56 81 80
28 48 89
3 22 28
91 75 5
56 92 42
86 35 70
68 8 86
67 37 89
17 48 83
10 59 35
13 67 16
45 48 64
34 51 39
14 95 66
72 3 58
14 89 93
36 57 54
23 24 91
64 93 91
47 55 50
82 68 70
98 13 18
15 99 21
6 14 16
72 86 19
83 0 60
70 82 11
46 26 75
92 17 74
47 20 56
16 90 7
81 60 74
81 32 95
50 4 33
69 39 85
73 52 50
37 50 28
64 42 46
39 90 66
47 58 8
6 39 68
80 72 1
12 19 51
69 52 73
8 89 55
28 63 59
31 52 9
59 16 52
5 55 94
71 3 4
31 61 95
99 42 68
1 6 39
52 27 44
77 36 33
32 16 48
43 47 0
53 7 17
57 64 24
3 36 79
7 19 41
2 19 35
41 10 76
21 6 54
57 39 38
25 88 82
73 40 35
32 57 44
96 34 47
84 13 54
4 54 56
23 89 79
47 83 41
23 4 47
77 13 38
68 38 26
50 11 19
37 95 28
81 92 62
80 76 76
34 80 30
42 55 72
73 2 55
66 78 59
72 52 75
10 30 25
74 1 62
69 30 95
75 90 20
61 22 3
75 29 32
30 96 10
89 61 70
13 65 45
23 48 23
49 37 19
79 33 32
24 60 74
44 74 97
99 30 75
74 11 59
56 59 70
45 73 92
10 38 37
34 38 60
83 88 98
54 19 83
39 43 95
13 40 69
10 39 51
37 66 15
97 22 74
19 20 47
11 30 38
48 16 76
61 52 16
11 6 36
94 97 31
89 11 23
11 21 15
81 77 8
3 4 79
75 3 90
6 41 90
74 18 3
26 86 14
85 22 8
82 54 50
93 77 61
67 92 75
78 25 5
38 81 61
17 56 64
59 14 6
49 89 76
53 15 62
19 0 37
28 35 91
30 28 20
91 47 65
42 75 15
23 36 32
32 1 91
93 35 35
98 3 49
17 55 86
97 90 29
27 71 2
70 18 67
89 44 9
64 59 85
1 44 17
54 87 63
51 48 30
6 49 48
61 36 97
52 65 25
75 67 47
93 86 88
89 48 5
49 85 58
45 2 12
25 65 20
25 95 26
74 95 88
10 93 92
28 70 67
47 69 60
86 58 50
34 63 51
71 21 48
73 85 80
42 10 97
93 89 9
40 29 72
0 7 40
99 77 53
85 35 55
71 50 58
42 23 6
67 8 38
10 70 36
25 5 81
14 66 21
44 38 7
17 90 14
10 90 43
15 27 78
22 99 80
80 93 3
38 61 63
33 64 48
14 57 19
10 47 78
28 90 44
90 32 88
57 59 18
79 10 99
11 4 54
49 17 70
29 92 3
46 40 94
43 54 3
14 65 50
92 45 40
37 87 72
25 44 84
43 23 94
94 86 50
1 87 67
71 16 59
74 62 51
20 6 58
23 20 23
26 65 20
66 2 59
91 79 3
78 21 69
64 72 70
51 91 93
19 51 67
40 12 15
12 87 41
77 7 60
31 66 51
10 21 78
85 51 99
18 15 21
38 18 40
72 32 12
85 48 24
72 89 54
32 49 85
50 52 96
72 82 33
23 34 91
91 57 19
61 72 92
99 90 32
23 15 17
35 0 65
54 66 56
56 3 7
8 51 31
6 77 75
49 34 46
11 59 38
62 1 23
86 16 40
73 16 57
37 93 11
3 49 19
7 8 28
10 91 71
95 98 0
62 45 59
77 47 34
63 15 26
88 84 83
26 77 47
81 26 66
40 87 46
51 78 17
98 28 69
20 28 4
41 42 1
53 19 0
39 82 16
66 23 0
1 77 48
82 55 15
23 94 61
26 73 31
24 1 0
96 81 56
90 24 58
43 58 34
26 2 54
55 2 36
63 17 11
57 79 89
30 62 13
84 62 10
17 19 52
47 89 87
81 19 62
34 72 40
88 26 96
90 14 59
68 39 67
51 1 81
34 47 50
63 94 39
51 75 10
49 60 53
40 74 64
0 52 33
84 92 53
23 7 48
79 42 95
29 57 41
20 8 16
30 73 78
64 31 27
24 84 19
99 1 19
3 34 58
75 70 2
10 80 24
4 75 54
61 68 26
9 95 15
73 78 94
50 15 14
49 16 33
44 80 72
98 12 17
8 93 41
64 20 47
26 89 74
48 26 35
95 93 60
26 87 10
41 53 59
35 48 83
33 60 0
94 5 93
58 26 41
36 67 67
36 93 2
32 86 62
58 25 73
51 79 84
8 18 0
0 2 86
13 2 80
18 95 91
96 88 27
63 55 64
56 9 48
94 72 58
20 97 9
99 81 69
17 34 88
22 86 42
8 99 96
41 18 91
32 14 32
87 27 38
97 75 33
21 85 5
18 46 4
51 15 73
37 55 47
24 97 7
75 93 48
45 37 32
12 69 96
42 8 23
80 57 51
65 30 36
35 26 52
50 51 41
58 98 17
55 6 93
38 91 50
59 87 44
19 62 77
29 13 42
59 2 65
60 37 91
12 39 43
5 97 93
23 5 51
16 6 58
6 96 49
9 7 88
5 26 50
16 25 67
70 90 27
7 33 39
46 28 44
19 1 73
35 7 83
94 55 84
55 62 72
60 40 75
43 48 43
20 15 13
62 42 20
47 33 18
76 29 14
50 49 67
75 36 26
59 82 81
43 37 95
68 50 36
36 38 65
3 51 79
45 23 26
30 93 2
11 8 4
60 27 80
49 54 91
31 35 34
21 31 54
71 19 1
16 7 39
81 10 42
60 55 65
86 37 59
41 48 19
45 61 46
77 62 0
68 93 88
55 66 71
9 89 42
11 5 49
2 38 59
45 98 66
10 37 3
21 30 3
40 27 64
39 5 26
91 73 72
79 28 90
1 85 45
4 0 74
70 63 63
25 84 93
29 77 21
45 16 78
51 96 39
80 86 93
90 23 4
35 78 80
92 79 6
70 40 78
55 88 66
42 83 18
38 74 50
77 19 72
95 51 97
73 83 89
4 90 3
98 60 43
77 75 16
83 60 82
52 16 69
54 45 40
26 92 50
21 96 47
47 79 88
51 69 91
50 29 87
3 15 25
38 75 7
16 70 12
84 91 66
93 73 34
14 21 33
61 1 21
65 22 64
67 4 3
46 61 7
97 89 45
9 49 55
76 30 87
69 56 73
35 77 6
49 30 79
66 53 95
33 57 99
79 70 58
92 8 7
33 5 73
74 0 43
64 13 64
70 0 25
1 66 78
87 95 30
57 5 75
17 13 60
57 89 60
9 32 17
48 96 82
25 34 0
50 87 19
80 84 70
67 31 53
76 37 28
45 50 40
19 88 98
9 48 7
8 90 0
72 90 77
59 90 27
46 9 59
30 32 78
14 85 54
51 65 51
53 5 71
41 3 80
41 63 25
59 23 67
60 95 57
37 54 0
17 53 61
76 35 93
55 49 78
61 0 43
13 53 1
84 46 56
16 88 19
93 47 42
61 59 90
70 97 96
70 66 49
32 94 85
86 56 63
87 51 28
92 4 64
91 61 32
79 80 25
78 75 86
38 65 57
87 13 79
53 63 63
99 0 41
1 86 49
52 96 70
57 60 13
18 44 92
50 21 70
77 8 60
42 17 47
8 48 52
71 12 52
5 61 54
21 39 58
69 61 15
29 74 85
25 66 36
46 88 13
8 75 96
16 24 1
53 14 93
58 75 99
57 0 27
25 81 1
19 46 4
8 12 11
86 5 88
62 6 79
69 20 94
52 39 4
4 66 29
85 68 91
38 48 47
2 11 4
62 14 12
68 45 14
80 90 10
1 10 56
60 10 68
88 33 91
75 23 91
75 25 2
52 93 65
16 62 10
30 94 0
40 47 62
97 53 64
9 64 84
3 12 72
36 55 99
59 47 74
36 1 54
99 4 69
61 66 52
92 55 32
41 8 48
32 6 36
4 42 92
4 53 39
78 89 40
84 28 46
84 67 97
5 20 12
12 52 5
20 53 8
45 85 14
81 42 8
25 46 61
16 76 2
57 13 82
66 22 46
68 94 3
40 58 15
45 63 88
98 24 33
35 38 66
44 75 60
60 4 15
66 16 99
64 36 93
20 77 3
87 74 66
75 24 90
60 59 81
79 37 80
23 64 92
83 68 7
5 37 5
29 55 73
80 20 9
25 92 38
12 47 55
36 89 67
46 85 2
21 1 95
57 70 54
62 7 59
91 63 84
24 35 94
49 27 84
30 58 49
33 85 89
31 22 43
53 24 38
10 94 93
72 53 4
15 16 41
39 51 35
41 30 71
20 52 54
58 18 87
95 59 19
24 42 93
34 88 38
43 73 10
84 65 13
71 6 44
94 81 85
67 33 39
25 3 79
72 63 50
90 66 74
84 11 60
72 50 18
66 93 91
56 89 52
70 65 80
84 93 15
57 65 69
42 76 81
66 26 99
32 71 90
60 52 99
50 56 13
87 55 61
58 20 41
60 87 41
81 29 18
62 96 96
61 80 20
72 2 43
29 68 82
36 29 92
8 22 64
71 0 29
41 66 22
70 36 84
18 32 45
51 52 1
44 77 3
39 58 71
21 94 52
14 2 75
78 26 75
60 79 51
1 20 17
24 91 53
60 61 38
58 12 42
59 8 19
62 47 77
86 69 71
38 83 26
52 40 73
31 92 27
67 63 8
57 21 73
99 80 81
71 43 29
48 81 98
72 19 33
46 2 77
20 33 21
47 37 35
50 84 2
13 93 11
35 18 10
33 10 80
82 91 78
6 63 63
56 0 10
58 29 82
43 51 81
33 38 31
17 40 96
62 3 83
51 32 47
13 12 81
57 43 39
95 72 68
53 1 50
83 29 90
66 99 82
63 61 37
98 94 3
1 78 2
15 90 83
72 85 22
44 17 16
12 22 17
15 70 22
51 99 80
39 32 88
41 99 31
76 71 68
98 67 12
67 83 77
41 52 44
12 74 94
16 91 11
19 90 43
74 46 70
11 57 69
88 80 38
38 47 2
15 61 18
94 25 86
24 99 84
94 9 22
6 66 92
46 82 36
94 75 64
98 9 39
13 70 9
45 74 91
47 68 16
33 45 15
24 92 45
42 36 43
88 18 80
33 2 26
60 66 24
21 58 38
58 82 39
74 68 84
41 89 23
17 81 21
59 17 64
99 87 96
84 90 23
44 8 99
89 62 86
24 80 44
59 19 71
79 3 12
68 79 30
41 71 64
93 59 61
29 49 36
26 9 35
44 28 25
10 12 58
81 91 61
94 60 92
76 62 92
69 33 9
62 44 22
58 70 55
83 22 20
49 24 58
59 36 16
41 80 30
35 40 22
63 54 67
76 47 84
98 91 29
8 61 36
53 27 19
76 99 68
52 9 80
21 72 8
30 71 18
97 55 58
25 2 94
75 45 75
83 58 12
89 85 31
46 32 61
24 5 34
32 13 98
14 84 69
64 39 79
89 94 73
65 39 0
0 50 12
89 35 96
6 24 48
27 70 32
37 75 78
50 25 92
25 98 71
63 51 15
13 63 5
0 59 11
91 46 91
32 92 80
7 70 82
84 15 68
31 23 46
56 21 69
7 88 84
10 4 97
73 61 50
33 24 74
44 15 73
36 47 65
68 6 88
3 19 74
26 17 30
0 39 89
88 23 99
44 21 25
5 71 10
82 97 54
42 97 88
11 3 76
62 46 31
9 51 3
61 90 44
2 65 96
46 86 21
4 9 83
86 59 37
35 81 80
32 69 91
88 97 53
38 7 42
3 31 58
35 79 60
97 62 98
33 89 80
18 59 23
6 8 76
92 41 14
51 83 56
65 86 39
88 30 48
8 73 24
6 81 24
91 70 56
9 81 79
15 42 7
66 82 77
4 21 53
48 62 35
97 8 63
74 66 96
67 52 86
35 46 46
47 29 20
2 87 51
75 92 52
37 80 0
27 77 9
42 51 75
90 2 85
9 5 13
47 92 59
93 39 40
65 49 87
90 95 81
42 84 61
95 64 91
56 6 94
31 97 48
17 58 9
22 71 9
66 30 2
5 70 20
6 9 39
34 29 46
71 42 41
97 93 80
80 42 80
49 52 90
99 89 5
53 94 27
73 1 88
65 48 40
51 77 86
22 72 79
9 57 76
11 71 35
62 90 70
3 55 19
43 6 48
81 20 60
36 45 67
96 95 37
54 97 49
9 77 28
24 67 99
27 74 70
22 32 18
3 13 39
63 4 69
96 26 54
42 20 88
1 81 65
81 5 84
6 42 21
61 56 12
76 60 81
27 13 69
27 10 95
81 55 23
75 27 11
76 9 28
9 66 64
9 16 13
71 72 25
47 84 58
27 98 28
6 60 75
39 67 98
61 42 4
41 51 70
5 93 73
79 86 83
6 72 29
87 32 7
19 43 29
95 81 55
37 96 41
34 33 33
20 68 81
24 74 54
53 32 63
92 64 22
60 7 41
27 48 32
61 3 21
62 58 6
97 44 39
39 79 98
10 83 88
58 67 49
14 88 0
52 6 15
40 67 62
85 13 60
72 81 67
19 42 77
54 31 88
21 32 54
61 84 72
16 47 48
68 53 63
86 75 78
91 96 22
21 48 76
82 7 17
64 54 44
73 47 80
49 78 4
90 69 0
64 79 67
81 67 40
81 43 34
14 77 93
83 69 99
37 14 68
7 52 62
78 99 23
99 88 78
18 21 46
58 3 41
52 54 59
51 92 73
71 51 25
86 83 77
31 80 37
1 54 35
76 55 26
47 44 30
33 46 80
4 49 6
35 71 49
95 3 42
74 90 87
28 77 98
37 6 5
7 57 78
5 38 83
54 96 25
39 83 49
40 78 4
34 32 91
61 74 30
89 52 81
79 58 38
46 63 40
92 23 50
22 80 40
5 87 88
83 26 71
50 36 53
34 79 14
55 64 43
86 74 81
33 90 22
24 47 45
64 5 32
10 23 72
60 34 11
40 0 24
50 7 88
45 94 63
26 27 5
48 4 70
15 88 60
0 62 16
24 43 93
85 29 57
25 29 81
27 37 69
72 83 84
66 11 23
69 27 12
30 79 4
82 93 72
7 37 18
92 18 75
69 48 8
29 20 72
34 7 69
45 21 98
77 65 86
22 38 93
37 78 35
6 78 43
44 73 98
69 11 46
67 20 50
36 18 27
29 30 35
18 60 22
24 38 65
78 57 42
32 48 21
46 51 29
1 42 66
39 30 85
15 2 29
27 24 53
65 42 83
74 84 87
22 68 88
54 41 2
84 85 73
39 76 10
22 91 97
51 18 73
57 35 67
40 9 51
80 83 72
68 78 23
77 10 57
50 48 37
67 21 10
57 74 29
61 54 13
91 8 49
11 85 59
20 36 7
84 56 96
3 30 6
20 55 39
7 71 63
36 84 70
49 69 44
93 56 15
53 76 3
12 33 81
29 52 71
36 72 26
27 34 67
34 57 31
22 42 1
24 11 45
17 41 91
96 49 11
44 9 75
47 61 33
74 76 24
77 21 82
75 65 63
83 13 12
46 90 83
73 15 44
29 46 17
48 39 92
76 15 41
14 81 18
36 19 91
49 83 89
75 81 79
58 54 94
54 75 23
93 83 12
85 12 27
78 11 71
48 52 77
67 95 79
63 65 37
9 71 12
85 7 85
49 15 54
28 93 65
99 37 9
41 85 61
70 4 56
21 74 65
2 99 76
26 95 48
54 88 14
6 25 23
99 62 37
69 66 93
61 41 0
87 58 44
78 60 96
55 40 90
38 87 75
4 93 52
80 92 14
17 14 32
62 37 56
68 9 0
64 87 61
12 42 53
2 23 41
93 11 16
97 56 21
77 49 87
94 15 20
57 52 28
57 20 50
52 46 13
65 89 66
19 64 59
12 27 76
49 91 85
0 8 47
4 37 4
24 87 4
4 16 44
33 35 5
50 47 17
77 23 31
23 98 60
61 98 69
8 54 6
64 30 45
63 39 45
96 73 81
1 75 28
71 52 3
69 14 15
54 12 9
94 57 58
59 46 18
82 98 73
37 16 52
66 81 92
57 96 0
7 17 15
74 69 78
10 16 33
22 25 79
79 83 50
70 95 96
46 66 18
85 96 62
94 92 15
53 61 82
28 31 60
90 47 45
64 24 76
55 74 58
36 21 76
98 92 32
13 86 24
28 39 37
10 19 68
22 9 67
68 25 92
52 23 38
59 97 48
24 2 6
38 88 80
14 16 72
52 78 91
20 0 53
40 20 30
32 65 51
84 40 90
43 89 90
90 60 67
42 87 57
30 20 71
75 76 35
40 88 49
16 51 95
7 41 55
74 16 26
46 6 96
90 82 72
77 82 0
49 41 42
67 50 73
84 1 69
76 17 33
44 79 47
78 3 24
42 82 57
24 3 26
98 39 79
19 30 25
50 32 69
26 31 46
49 98 21
55 61 80
35 61 84
55 4 70
2 3 80
52 87 50
92 54 28
75 0 2
37 1 52
10 5 96
18 19 76
1 5 11
85 55 96
41 25 50
3 83 8
88 22 41
90 11 42
94 22 0
91 92 19
67 93 24
31 56 17
65 10 89
47 70 42
31 96 92
73 38 3
77 67 76
95 15 62
26 23 31
96 5 29
76 82 53
36 0 37
32 44 62
22 47 81
55 25 49
83 46 87
50 57 85
81 4 24
30 9 53
42 73 82
76 78 18
28 15 2
72 29 24
20 11 32
97 60 15
95 99 46
9 1 56
94 35 60
18 65 70
95 6 35
73 76 64
2 8 81
93 50 53
93 48 62
94 4 8
29 17 78
94 39 2
53 34 8
89 7 36
5 48 14
17 2 0
51 59 94
53 64 87
54 26 81
10 34 63
57 66 67
63 52 28
2 79 96
56 80 99
16 26 5
21 93 9
49 58 19
67 26 82
20 54 38
32 70 47
92 49 1
58 56 97
26 82 54
6 47 65
65 93 86
11 55 35
21 26 55
99 60 27
5 98 11
76 45 55
79 75 56
82 17 78
41 64 43
58 10 29
21 17 17
43 95 72
53 62 24
50 17 1
48 49 76
57 84 0
39 54 30
32 55 12
49 72 55
44 96 50
51 47 50
26 6 78
27 7 79
56 16 64
18 39 40
40 64 31
73 19 95
74 43 3
71 39 53
55 79 99
81 37 30
60 44 9
16 60 73
77 68 43
68 60 84
32 43 9
4 38 83
34 45 7
95 42 68
42 40 74
37 8 34
29 82 49
68 18 48
61 24 39
60 53 17
13 46 48
95 53 73
58 59 67
99 34 57
59 20 30
65 5 70
35 6 31
59 45 43
9 78 60
17 4 94
43 62 54
10 13 40
19 25 60
50 81 10
67 87 80
64 61 90
5 68 57
17 77 98
48 47 92
12 38 99
62 72 10
81 11 42
83 56 58
44 46 18
23 51 38
80 21 68
30 8 1
23 38 49
22 30 63
56 25 23
37 88 17
20 44 76
17 91 46
15 52 54
23 6 78
52 44 22
14 38 28
27 47 5
94 19 57
93 70 76
43 34 48
19 92 78
83 28 74
97 67 2
76 66 8
78 2 2
97 11 40
97 37 74
90 7 50
45 7 54
84 49 51
67 29 26
28 40 14
88 70 17
90 68 28
83 65 18
77 59 32
91 37 73
42 21 74
5 4 52
98 18 41
68 87 31
88 68 66
53 38 75
50 43 36
87 16 30
24 50 45
96 55 1
72 42 74
59 73 62
68 17 67
54 78 35
97 66 75
13 96 36
55 73 38
52 21 93
54 22 51
25 37 90
87 17 34
55 86 1
88 71 55
52 36 86
17 85 22
60 29 31
5 35 6
22 33 50
12 21 19
69 29 55
39 40 60
28 26 29
13 0 54
23 12 35
6 70 70
83 87 12
85 99 85
57 98 65
86 96 57
26 37 69
54 15 99
19 68 5
2 10 17
4 45 30
55 30 39
5 47 54
55 34 51
65 60 40
34 66 7
33 37 75
90 83 60
30 87 62
60 92 20
17 98 68
18 23 44
4 91 45
25 62 58
97 30 33
56 55 74
89 63 91
87 31 0
92 13 50
41 47 35
28 1 1
60 50 46
33 43 15
25 30 98
77 2 67
46 43 11
13 28 86
12 16 15
68 30 29
26 30 31
78 63 26
45 40 57
43 70 11
62 68 54
73 28 48
38 8 86
1 17 94
75 2 75
58 80 90
85 78 31
94 73 53
11 52 10
98 55 86
51 24 80
25 23 56
58 45 9
90 36 46
68 67 40
93 60 43
95 57 22
2 43 25
26 76 51
42 67 61
84 3 59
5 22 99
99 94 48
29 39 8
24 34 32
20 43 54
22 39 80
83 2 99
93 71 67
26 34 96
77 85 42
82 86 91
63 12 25
37 3 57
40 41 21
19 67 85
44 34 67
82 25 36
0 78 25
55 35 16
71 56 12
57 10 80
43 78 63
16 8 18
94 85 73
29 53 98
56 62 96
94 67 1
59 9 26
36 76 61
66 91 81
84 7 41
2 53 78
75 34 32
25 42 46
21 69 17
81 88 64
28 56 47
89 74 38
22 59 97
2 41 89
36 25 14
41 21 88
5 99 1
86 38 52
88 32 41
76 57 7
54 81 47
5 75 69
45 32 91
27 65 24
36 33 16
38 64 5
13 55 43
52 59 31
84 0 7
54 28 16
86 19 43
4 95 19
22 69 95
35 22 23
87 82 69
46 95 96
5 18 50
88 5 78
50 14 36
58 27 99
94 3 90
13 9 77
95 78 76
42 74 33
61 76 19
96 64 76
65 87 79
70 21 55
64 90 81
94 66 23
20 51 84
96 70 32
12 46 11
21 27 91
78 27 19
93 58 89
63 31 96
75 17 12
65 98 6
83 21 78
35 58 74
57 42 38
56 53 60
8 27 75
36 46 20
94 87 35
11 94 47
76 92 5
35 47 75
18 0 60
20 22 96
16 2 60
4 79 96
15 25 95
43 17 53
88 2 10
28 2 19
4 14 63
37 72 43
97 19 45
60 54 14
67 11 59
8 65 21
10 72 2
12 92 6
78 7 30
12 96 3
41 86 45
53 92 11
27 39 37
3 65 5
9 43 64
91 7 61
46 15 68
10 43 88
2 54 97
71 85 68
54 42 24
15 85 89
7 93 50
5 60 70
48 84 16
83 94 59
24 48 65
21 19 51
41 70 27
99 21 5
70 76 47
85 83 50
56 38 55
56 74 23
91 68 34
0 88 36
3 82 58
30 33 79
35 3 7
33 53 50
28 50 88
17 38 91
21 84 28
9 87 35
96 36 86
16 21 40
66 44 1
6 22 71
84 54 11
12 4 99
29 43 90
80 91 64
16 19 25
55 7 21
37 65 37
55 9 91
61 83 62
46 87 70
76 89 1
60 74 88
18 67 86
31 51 0
64 10 98
2 49 89
99 43 83
1 25 25
33 76 26
49 38 76
85 4 73
88 60 17
31 74 42
28 85 27
0 85 23
35 42 62
88 67 39
73 95 17
75 33 94
80 4 31
18 81 17
30 98 0
81 90 20
33 27 95
9 8 37
48 34 84
18 61 70
12 41 26
62 24 43
13 24 48
5 90 77
12 0 66
34 12 59
40 15 73
2 39 16
98 63 27
23 74 66
91 2 79
51 62 19
73 9 51
20 14 98
61 6 87
69 82 82
2 70 75
81 74 37
72 78 54
76 19 79
29 26 49
8 85 10
78 67 45
57 40 47
81 53 53
34 35 50
76 21 6
61 10 84
69 95 95
99 14 92
39 36 23
76 58 39
54 73 43
60 8 78
0 1 0
24 76 77
65 54 40
50 46 89
72 12 15
16 20 3
76 88 94
97 12 70
27 43 38
92 97 79
68 57 92
57 87 33
25 7 88
63 62 7
33 41 2
37 83 36
94 31 73
35 99 55
44 87 88
69 46 28
77 15 93
7 32 12
36 85 38
44 53 53
22 4 97
67 76 27
39 74 47
85 18 34
6 98 48
82 19 92
80 28 88
86 34 71
32 61 53
2 74 93
29 48 54
21 75 1
48 87 38
36 66 59
17 54 97
29 64 83
83 81 85
9 74 66
87 85 33
36 24 71
7 97 67
37 57 81
91 54 84
41 28 8
88 95 23
47 45 90
66 15 59
97 17 5
97 74 23
31 15 51
89 79 71
99 49 60
64 15 27
23 46 32
91 59 80
13 8 49
23 93 88
79 66 86
3 16 96
45 30 79
54 59 42
22 10 78
23 80 35
99 26 24
55 8 61
66 50 64
35 50 43
65 82 7
66 17 86
96 14 15
14 7 26
56 30 81
64 91 0
66 8 35
64 43 85
19 15 84
56 33 1
93 90 36
8 71 38
22 78 16
85 25 55
63 42 52
44 59 94
86 48 2
3 54 49
53 3 13
65 40 91
20 62 76
35 56 80
30 89 77
32 99 63
8 87 18
93 78 80
10 18 71
99 18 41
79 53 0
71 91 54
3 90 70
63 30 40
29 70 64
74 13 98
80 39 77
6 92 85
76 83 62
58 23 91
19 47 64
28 97 14
8 70 30
52 55 43
26 13 41
1 56 22
41 94 66
29 65 23
95 20 59
67 57 43
19 65 86
64 35 90
65 91 12
58 38 30
68 63 31
33 86 26
16 65 85
81 33 95
24 4 60
62 27 8
26 62 50
14 54 96
50 65 55
34 50 93
60 56 91
29 9 59
63 36 47
25 57 47
61 23 11
58 14 13
47 74 15
58 88 56
39 50 15
63 87 31
12 30 43
81 45 56
56 8 15
23 22 38
44 69 12
11 29 95
22 70 51
59 50 76
6 19 92
49 12 43
24 86 81
68 7 46
63 92 42
65 21 41
52 95 17
88 69 48
21 90 56
67 74 45
60 28 4
87 20 88
72 68 35
35 82 32
91 1 6
36 62 86
40 19 81
35 8 41
62 82 68
95 29 87
79 21 89
85 57 3
22 53 81
65 74 94
50 92 38
18 77 45
11 82 39
17 30 20
41 93 95
18 53 70
88 50 29
35 59 11
90 9 3
43 66 64
60 96 85
64 58 78
23 82 81
99 69 69
23 0 48
0 43 66
17 3 15
54 68 73
78 14 88
53 48 69
65 28 89
86 92 64
87 92 64
74 35 6
99 68 36
36 92 67
31 58 48
0 66 96
82 4 70
17 10 69
37 98 98
71 74 32
54 72 19
64 25 92
74 73 64
0 54 3
0 72 99
34 76 69
36 40 65
44 29 96
88 82 80
4 52 46
4 58 49
58 69 47
96 11 40
75 80 82
19 9 78
7 95 29
65 64 76
14 27 69
78 45 5
11 27 77
4 88 75
18 84 49
84 78 27
60 73 14
84 72 51
49 93 71
82 74 28
7 2 28
57 38 58
84 51 32
50 70 52
94 59 89
66 10 52
59 12 46
33 25 72
12 95 82
2 6 18
53 90 69
15 35 31
10 82 26
69 79 95
67 72 65
35 97 29
82 31 32
88 49 85
78 70 61
21 37 97
95 40 66
57 22 45
40 32 9
75 95 53
4 77 84
83 14 35
40 89 32
70 42 72
23 35 46
85 37 42
22 63 62
57 77 97
9 54 75
61 86 39
40 66 4
23 71 53
79 54 31
60 35 17
99 27 83
55 51 6
92 69 91
41 67 38
88 62 51
36 28 17
86 0 43
21 55 94
45 31 70
37 53 13
60 77 87
7 26 11
9 12 18
73 99 13
97 64 81
50 30 93
81 49 76
55 19 32
73 80 97
91 33 83
64 85 96
63 95 5
56 26 74
40 1 87
66 7 42
37 92 67
88 72 33
69 18 8
44 92 83
81 12 48
7 15 19
99 82 37
92 16 16
32 89 1
1 59 62
38 76 27
31 20 19
14 92 66
14 67 87
65 96 18
72 75 27
63 69 94
83 40 8
76 59 7
75 20 99
9 27 25
63 77 62
91 31 76
93 31 66
97 38 94
29 31 43
29 27 42
82 12 34
10 15 88
12 45 85
21 95 98
28 19 76
54 5 4
70 45 9
24 32 79
70 81 61
86 89 82
81 87 98
68 13 75
41 78 10
92 34 60
26 47 46
15 30 80
19 32 96
52 32 38
36 69 48
50 33 39
29 14 9
93 6 96
71 25 28
19 29 13
9 63 7
42 90 98
10 74 88
97 84 46
46 55 72
40 75 1
90 37 75
16 80 13
20 86 53
9 91 22
63 50 9
86 2 61
78 29 14
89 51 95
5 32 60
68 58 81
80 46 4
68 41 33
72 16 0
7 42 30
97 41 35
45 6 31
40 11 90
80 67 22
85 82 28
15 39 26
24 7 92
23 1 89
99 11 84
50 26 76
61 16 56
60 17 13
46 54 95
36 43 77
77 86 29
76 97 65
41 39 39
49 20 30
43 7 44
36 2 21
65 97 9
18 94 38
40 92 78
33 31 69
34 4 99
89 55 64
37 42 7
18 76 2
94 2 1
75 18 36
65 4 25
72 20 2
45 89 8
58 90 97
28 66 99
52 34 46
24 31 22
33 77 40
65 94 24
21 3 54
21 8 88
67 15 75
43 98 49
49 56 53
34 85 45
63 8 25
89 1 59
95 35 32
1 8 92
41 27 7
16 22 57
17 23 66
16 78 2
45 25 89
27 79 88
47 15 56
77 69 54
55 58 84
58 53 35
40 85 84
41 19 89
2 61 14
32 31 22
2 85 77
10 20 79
72 4 41
99 97 20
88 52 34
54 38 20
48 55 95
26 14 41
74 93 47
81 21 35
1 69 90
28 71 89
73 25 3
68 11 72
3 10 23
24 45 76
45 87 73
39 89 58
84 71 3
79 8 32
99 19 4
94 8 69
36 11 31
81 15 61
40 31 12
1 38 39
63 71 53
71 55 52
42 59 99
50 80 35
47 97 91
65 62 93
96 16 10
45 60 45
15 4 30
97 23 49
3 47 92
64 75 76
56 70 73
0 22 87
4 36 27
55 1 78
44 4 41
50 61 17
23 50 6
41 91 55
36 26 92
28 52 42
20 27 62
12 35 79
95 65 15
62 10 1
98 69 44
56 94 14
96 46 39
43 11 54
76 52 54
89 34 8
16 34 42
64 32 33
39 78 23
52 70 49
15 24 34
91 76 40
96 71 58
36 99 26
22 93 42
1 49 17
79 72 26
92 77 48
93 92 72
79 36 48
19 52 36
32 23 12
2 97 85
16 28 93
49 13 84
37 61 3
55 43 33
31 7 6
5 49 2
56 22 18
59 89 35
95 44 23
1 94 88
1 41 73
68 84 79
28 42 85
77 96 62
36 81 12
84 17 42
25 74 95
50 76 44
71 60 23
51 74 43
19 49 9
26 61 58
84 76 89
60 20 60
11 28 56
75 32 67
76 27 95
60 3 84
72 76 97
28 4 53
11 92 88
5 56 44
82 13 91
28 69 19
31 10 1
3 86 98
27 50 59
15 12 48
30 83 21
18 83 99
58 96 93
49 11 73
41 60 37
5 8 67
31 36 46
88 24 18
60 0 43
98 2 31
31 37 30
79 77 6
64 26 26
12 99 86
39 24 75
49 44 75
69 23 79
7 5 10
80 52 18
58 78 30
58 65 94
52 56 18
27 6 14
13 39 61
82 14 92
80 11 67
98 21 46
63 74 84
11 77 10
74 37 65
89 82 7
85 91 52
72 15 76
21 91 4
82 27 73
84 75 28
13 36 16
30 91 88
58 92 26
13 6 42
27 81 56
21 60 62
4 51 50
1 70 9
46 49 52
11 19 48
61 39 75
7 61 35
18 9 32
71 45 55
75 69 35
7 72 49
46 47 8
74 52 95
11 46 22
59 65 1
75 99 72
48 94 42
7 67 91
99 13 1
28 89 75
11 18 0
57 92 91
9 85 79
1 35 37
9 69 32
17 67 46
27 17 8
96 87 9
62 54 12
44 83 77
10 48 5
95 66 90
75 12 7
45 19 70
37 73 15
7 81 11
53 35 81
49 18 59
57 90 12
32 78 2
30 37 24
95 16 49
14 33 8
43 63 63
37 20 5
49 53 83
28 12 50
2 1 6
56 64 2
11 79 9
29 66 18
49 82 27
6 51 80
11 14 11
63 80 61
20 82 15
88 63 33
59 33 70
10 29 37
45 93 43
47 11 84
13 75 0
94 36 20
88 20 28
60 62 65
90 48 75
19 37 72
12 32 21
32 73 93
7 73 39
96 94 19
14 40 75
57 3 13
13 50 64
28 82 44
17 62 28
36 16 46
32 10 17
35 17 31
2 30 92
5 27 92
56 2 72
90 98 42
33 11 63
36 88 28
38 98 87
93 12 89
4 27 91
57 44 95
84 19 56
69 50 22
88 75 96
80 36 84
83 7 95
47 96 6
26 98 57
42 96 13
81 41 57
49 66 32
89 83 53
14 35 81
85 61 79
19 58 95
67 70 68
48 63 78
79 97 46
68 80 20
76 14 51
53 85 64
73 65 37
42 14 63
93 3 38
22 27 26
83 48 13
12 2 98
70 98 30
29 37 29
2 44 92
15 48 24
13 78 54
98 0 61
29 1 82
42 0 27
37 51 16
3 33 86
12 67 90
10 67 92
63 49 93
14 43 45
41 32 97
9 28 2
35 65 60
30 75 51
13 20 30
76 69 76
91 12 21
84 96 18
94 24 72
66 96 43
49 23 46
59 74 95
35 43 71
55 15 9
79 88 20
21 0 55
25 24 25
2 57 12
97 80 90
41 14 42
81 34 64
28 92 19
26 74 96
47 75 99
80 25 88
99 16 32
67 43 61
88 42 35
29 16 25
9 93 13
7 48 7
73 41 7
50 31 9
70 3 47
25 31 42
61 27 95
68 27 27
10 84 89
68 66 11
71 13 80
17 11 56
72 23 98
62 32 88
90 86 3
17 73 71
41 77 70
8 40 78
40 82 80
24 54 83
1 97 28
7 6 55
64 28 7
25 96 72
54 48 70
39 59 75
48 12 24
28 29 38
87 36 94
71 97 8
49 45 80
65 33 86
65 55 13
56 75 47
57 86 11
60 51 75
44 27 97
27 91 90
31 79 93
52 66 94
60 42 94
45 10 24
58 13 52
46 45 31
73 36 21
4 25 11
17 65 27
80 55 68
15 22 7
31 59 10
43 31 17
86 97 75
41 5 54
87 23 43
83 23 95
50 97 54
88 86 9
58 63 46
47 39 23
70 35 30
47 80 28
53 82 19
10 99 96
50 38 5
38 63 15
45 9 64
29 56 56
91 34 77
23 63 60
78 91 45
31 73 64
93 25 60
17 33 78
84 38 39
56 11 62
35 2 97
33 1 97
85 32 52
55 54 12
69 10 80
64 11 10
67 16 96
48 6 42
81 73 31
8 3 75
97 49 24
82 21 30
97 57 42
11 31 76
75 39 48
76 68 62
81 59 17
57 93 95
49 36 76
65 1 31
28 32 59
55 23 8
32 35 1
69 2 44
45 18 74
30 44 56
31 49 0
63 1 42
61 33 25
61 9 66
98 68 32
1 80 81
7 86 57
42 86 90
71 47 51
77 45 99
85 47 11
85 75 5
28 61 95
58 71 10
56 23 14
26 70 27
49 26 38
26 93 40
46 39 82
7 51 40
15 82 19
0 95 57
6 28 71
11 44 65
72 35 72
42 26 36
28 87 57
4 2 32
62 80 22
99 39 76
41 34 70
26 39 83
71 65 10
94 37 48
92 27 55
43 18 83
43 49 24
0 27 16
36 7 64
68 33 30
61 12 37
88 98 1
16 41 50
29 8 77
84 34 49
54 25 70
18 6 38
3 88 51
56 98 99
18 87 97
47 31 51
22 52 45
51 86 72
40 10 22
40 77 6
96 33 80
88 89 59
70 11 1
28 96 21
13 48 64
61 58 64
41 95 4
25 43 10
22 84 99
15 71 8
73 84 8
43 13 14
8 28 72
44 91 23
28 51 12
21 68 88
86 85 89
62 29 26
9 11 4
59 55 47
34 36 98
46 77 95
83 41 96
36 56 7
47 63 54
0 17 18
21 29 16
73 79 52
5 76 19
11 91 21
92 42 25
23 19 77
54 99 62
43 21 24
18 26 52
19 50 47
5 59 83
29 4 58
50 1 38
60 48 12
53 91 42
50 3 47
96 2 91
81 84 70
56 47 89
43 85 78
93 88 25
54 71 26
8 14 8
22 67 45
67 69 42
99 46 59
13 54 69
8 19 28
25 48 45
27 42 55
62 40 60
42 91 86
22 73 77
47 21 23
16 97 22
10 46 32
17 94 68
68 70 25
79 85 38
40 68 5
34 11 43
40 4 1
77 94 93
97 51 79
8 95 36
12 18 56
0 24 59
40 96 94
20 56 89
57 1 51
69 71 7
51 33 8
13 33 84
24 70 5
0 25 9
95 76 52
46 56 80
81 44 18
89 92 16
81 8 84
5 78 42
15 5 77
20 85 47
29 96 93
23 60 15
54 69 43
73 12 26
80 74 98
85 62 19
95 11 83
54 33 74
9 0 52
98 51 85
16 53 12
68 26 81
30 43 70
62 4 32
68 89 6
0 33 16
0 38 14
30 0 28
45 99 48
51 93 23
45 69 65
46 97 63
87 25 29
95 58 96
61 34 96
63 97 0
32 63 98
81 78 95
79 17 72
1 82 5
27 84 91
62 95 9
82 2 88
35 36 93
46 27 67
13 4 65
8 33 65
18 90 89
35 29 83
44 14 49
46 34 21
41 26 75
98 36 2
51 2 55
41 59 45
8 49 25
84 52 4
53 67 48
86 52 3
41 0 56
56 14 17
92 66 21
25 97 36
39 4 49
95 48 3
27 64 14
54 80 6
37 12 1
17 6 34
69 73 43
7 47 88
8 96 40
97 9 41
47 49 84
47 13 33
62 15 91
38 37 83
22 7 74
96 68 40
86 39 85
28 62 90
46 71 64
15 97 62
62 83 53
48 59 27
20 17 35
49 79 43
27 67 58
32 15 70
12 36 87
99 25 84
98 93 6
71 90 23
3 6 93
15 75 95
16 33 93
28 43 92
10 52 16
57 8 91
90 1 66
2 58 35
40 80 72
78 94 61
66 5 86
67 23 91
26 90 75
87 14 72
90 44 59
76 64 82
24 95 19
11 51 98
9 21 56
31 18 15
61 82 7
66 27 43
48 99 85
5 2 52
52 18 21
13 1 28
94 95 75
40 86 26
42 53 48
67 34 79
64 71 94
12 53 40
13 81 56
97 27 51
93 38 54
40 93 73
45 41 92
9 2 15
79 46 69
93 79 25
29 15 79
24 65 6
77 66 24
45 66 25
3 32 55
28 10 54
18 97 56
92 59 41
14 91 68
97 85 88
48 91 56
48 72 34
23 57 78
82 50 7
46 8 22
66 84 20
60 63 13
58 7 59
44 82 69
28 18 24
95 54 96
59 27 21
57 48 73
38 46 53
0 96 81
18 72 28
24 68 39
86 14 56
47 42 66
37 11 66
42 11 14
86 4 5
12 1 33
89 64 11
5 73 85
73 10 96
59 6 79
42 9 15
24 9 72
79 52 77
52 37 2
34 97 68
95 45 82
78 34 12
8 24 32
68 59 59
33 19 23
86 43 12
36 53 21
50 95 75
84 53 61
35 83 53
40 99 15
89 95 63
42 68 87
37 84 0
19 27 72
98 54 63
55 0 11
72 87 46
78 28 46
93 46 73
61 75 65
79 15 34
60 46 28
26 84 72
99 70 66
44 51 73
60 84 24
59 63 39
82 81 87
17 37 46
94 14 91
64 51 3
58 66 39
82 22 99
3 69 0
13 59 1
76 31 24
43 22 77
87 75 39
8 26 18
37 71 13
52 30 32
82 96 45
94 84 58
13 41 24
17 72 84
40 2 60
42 18 31
47 18 70
41 35 59
40 48 16
25 28 3
47 66 97
37 23 43
16 54 76
27 72 44
30 35 97
0 49 58
62 70 38
98 97 9
4 35 76
72 56 75
72 5 85
50 85 14
86 99 36
77 50 33
86 71 42
54 34 70
38 67 39
27 95 92
14 13 54
81 63 78
97 3 30
83 16 8
60 14 3
99 53 16
4 83 70
60 39 51
40 51 65
44 67 13
95 71 30
78 98 23
93 2 61
60 67 29
99 72 5
2 80 47
15 56 80
47 57 20
20 63 42
31 5 32
41 88 1
8 74 24
50 53 95
45 26 44
6 73 38
89 81 64
56 82 61
35 21 93
6 58 98
13 62 94
53 93 41
51 81 14
1 27 20
38 52 42
36 44 96
29 98 59
60 75 44
30 60 96
7 44 40
77 22 36
34 18 66
30 78 22
3 96 26
31 72 79
75 19 56
36 15 85
0 31 49
3 27 27
99 55 45
82 38 40
9 75 5
30 59 74
34 56 95
86 50 10
35 92 86
50 90 68
7 56 33
98 96 80
82 41 80
42 45 20
85 27 54
86 12 42
27 45 9
50 6 25
24 69 67
40 38 71
41 4 50
49 42 14
59 53 58
42 3 64
67 79 34
12 25 43
16 77 17
60 85 22
93 61 70
44 13 32
29 7 39
10 56 69
33 40 65
94 42 88
53 21 76
45 38 51
73 72 63
92 78 79
45 90 86
63 84 80
94 71 46
19 61 56
9 96 61
45 28 15
58 51 24
44 3 26
24 41 57
70 64 4
87 91 75
0 47 26
74 32 56
87 77 31
68 34 82
48 14 11
50 78 84
48 56 62
54 30 30
14 97 46
49 14 40
51 56 23
5 58 66
64 77 3
34 58 78
69 35 69
64 60 8
70 44 50
88 61 74
52 25 51
14 51 10
74 53 55
48 36 27
30 23 92
31 1 32
13 42 61
39 95 16
58 16 93
88 92 37
41 11 59
94 43 76
50 94 85
56 76 6
72 69 53
77 97 97
24 28 45
40 44 56
84 6 63
1 68 18
64 80 46
92 21 62
41 90 90
36 6 14
92 82 90
89 6 23
57 46 49
62 12 16
94 47 12
83 52 48
3 46 62
67 62 39
73 20 6
44 0 9
56 39 32
83 92 75
25 63 81
38 19 44
54 10 93
86 45 37
13 23 23
55 38 77
80 71 15
0 67 25
95 36 51
49 90 5
43 4 24
33 6 34
51 88 33
53 98 81
53 52 80
96 83 42
12 20 78
89 0 10
77 83 97
69 89 48
28 53 53
90 52 41
65 45 77
18 14 23
87 97 12
54 89 39
6 67 89
29 54 96
42 38 62
14 93 3
79 38 43
50 9 24
85 90 68
69 87 53
73 87 31
11 54 35
59 98 53
79 19 40
60 9 61
62 57 7
63 83 78
79 76 46
45 53 50
25 72 90
9 17 22
31 38 57
71 14 79
69 26 88
26 55 88
75 52 42
79 59 69
32 47 37
36 10 6
62 98 56
23 76 63
86 87 6
19 80 57
42 78 42
35 37 26
85 93 49
61 57 13
43 53 60
48 31 53
35 68 31
33 23 46
67 46 13
78 87 24
38 29 96
73 77 65
39 66 6
91 95 11
62 52 5
56 54 17
55 84 43
91 88 53
83 27 19
12 79 83
91 93 95
58 37 67
62 8 23
69 80 73
25 13 79
43 15 96
10 53 5
28 34 28
27 55 65
26 44 68
75 89 35
15 89 63
96 89 51
36 91 28
72 44 53
71 92 75
98 34 11
32 83 26
48 71 34
41 46 78
6 75 9
65 23 65
65 34 42
67 64 4
32 98 46
60 26 59
54 7 23
23 62 66
56 95 8
75 49 90
94 79 64
92 15 21
62 61 70
53 11 72
37 28 45
65 15 43
56 87 83
77 54 83
81 61 48
81 16 90
57 31 52
96 61 33
16 94 87
69 62 20
4 71 63
94 46 36
81 46 8
80 6 32
43 3 50
30 38 32
4 7 95
87 98 23
17 88 17
63 76 50
88 94 12
83 91 78
20 61 84
77 55 14
88 29 20
35 98 79
25 53 21
22 60 83
88 64 43
56 4 18
86 76 12
3 48 83
3 91 59
53 57 22
71 66 54
87 47 62
33 49 86
75 43 3
21 7 82
8 76 74
70 83 86
68 44 79
63 27 77
99 44 94
68 81 3
7 49 99
38 94 74
45 83 5
92 90 57
2 89 82
39 1 33
83 95 92
73 11 23
44 37 29
75 22 48
38 96 72
27 54 27
73 57 21
28 75 6
74 94 42
52 24 67
22 55 58
68 52 11
45 79 20
28 49 85
61 94 58
41 76 14
22 34 62
97 95 31
64 0 53
79 9 97
81 23 63
13 61 46
69 4 45
64 50 50
17 93 26
38 77 16
30 67 26
82 78 56
7 99 12
89 73 22
53 75 73
64 49 97
61 29 76
9 35 26
35 73 26
63 66 9
76 46 57
76 3 43
31 88 28
56 79 80
80 87 66
11 86 3
8 86 55
85 88 53
80 59 17
82 94 11
58 99 50
95 23 31
99 96 28
86 63 46
28 0 61
95 82 28
42 5 76
33 63 48
20 26 65
56 41 74
38 69 37
88 47 47
9 41 52
73 70 45
73 56 70
57 99 37
31 89 6
87 4 92
25 86 17
24 14 24
42 32 40
28 86 79
31 53 63
62 75 42
78 38 16
92 5 49
1 93 93
96 32 79
64 99 61
17 18 72
89 18 77
86 18 78
26 85 9
13 97 77
97 39 47
92 70 15
93 16 72
30 47 6
76 98 69
37 89 62
88 12 91
33 29 74
20 74 54
79 7 25
34 82 86
45 82 78
24 96 2
40 21 43
20 79 75
59 88 66
21 38 18
63 73 54
79 18 36
52 33 39
64 81 60
85 39 51
6 29 11
0 93 10
14 75 24
53 26 24
69 84 53
84 32 3
80 5 11
3 67 83
74 3 98
6 79 64
10 71 88
14 36 10
91 89 55
37 40 50
50 12 68
51 54 31
81 2 33
73 68 37
85 5 39
65 12 77
49 62 14
45 97 85
4 57 43
21 51 38
40 3 23
24 73 82
73 4 86
80 81 42
62 92 99
79 74 60
24 82 97
71 44 93
49 67 28
76 32 23
84 9 58
40 18 93
4 47 24
96 15 22
13 90 54
52 17 94
51 73 58
66 64 11
11 75 60
17 83 41
94 64 97
51 5 89
16 23 82
79 50 43
13 34 28
78 79 52
30 48 2
33 15 61
45 5 97
26 11 78
21 22 75
80 8 63
25 10 14
65 31 44
4 68 35
43 69 4
99 56 82
56 32 26
86 49 80
76 44 2
22 90 4
9 39 35
91 60 60
51 38 14
90 31 95
47 98 90
91 97 89
3 0 8
3 23 88
25 76 15
23 54 60
72 46 81
12 56 64
51 29 79
17 12 39
37 64 14
27 93 91
35 75 27
71 29 90
13 22 49
84 30 66
48 78 88
3 64 70
68 14 7
76 40 72
96 4 34
86 31 78
14 55 38
82 84 36
62 39 86
61 79 29
90 76 87
20 25 27
93 24 68
91 43 24
89 58 87
56 19 82
39 16 30
57 12 39
67 61 25
34 83 55
36 9 29
43 38 31
