30 
200
3 17 2
17 0 9
0 19 1
19 6 0
6 27 3
27 1 5
1 22 6
22 9 5
9 17 1
17 5 1
5 3 7
3 1 5
1 4 0
4 14 0
14 11 6
11 5 1
5 28 8
28 12 9
12 1 0
1 0 9
0 3 3
3 24 8
24 10 5
10 13 9
13 26 0
26 22 2
22 16 9
16 13 6
13 25 5
20 23 3
3 13 1
15 23 2
25 15 1
29 8 6
9 10 3
22 0 2
24 14 4
15 16 9
11 23 9
4 6 4
18 17 9
26 18 3
1 26 9
25 10 1
7 4 5
3 29 6
18 15 5
21 1 6
26 7 2
6 25 1
19 20 7
7 22 3
28 9 6
19 8 2
17 11 2
15 21 9
22 13 0
28 1 8
12 7 5
5 8 2
24 27 4
18 27 5
27 25 6
5 27 3
8 22 9
0 27 9
20 28 9
4 29 7
18 24 4
15 17 2
3 6 7
23 1 6
28 29 9
0 21 7
22 10 9
5 0 0
29 27 7
21 24 7
15 10 2
6 1 2
21 2 0
19 1 1
10 0 1
23 29 6
3 10 3
3 21 4
22 20 5
8 7 2
18 10 7
25 8 8
17 29 0
7 10 2
10 21 4
22 6 5
10 6 5
13 19 9
6 9 7
14 8 9
25 18 8
20 18 6
20 3 8
3 7 2
9 24 4
19 22 9
25 11 9
23 12 8
29 13 7
16 1 6
24 19 1
23 17 1
14 25 2
16 20 7
5 12 8
7 20 7
27 13 4
9 7 3
13 12 9
23 18 5
25 4 5
14 2 7
23 16 3
22 24 6
20 1 9
5 16 6
17 26 8
2 10 5
19 7 2
4 9 9
27 17 5
11 1 2
22 28 1
1 8 1
27 2 0
1 25 8
18 6 0
4 13 8
29 9 5
23 7 7
14 20 9
21 29 9
12 14 0
0 13 2
21 13 9
26 11 4
25 28 9
14 21 9
9 2 6
18 16 7
29 5 9
11 12 2
14 16 0
5 13 3
0 16 6
17 14 7
6 17 5
1 13 6
17 1 7
21 18 4
24 5 1
11 27 6
24 1 8
2 29 6
16 29 5
23 6 2
0 29 6
29 6 2
23 27 1
8 13 8
21 16 6
4 28 6
29 15 0
22 14 8
5 18 3
24 15 2
23 5 6
9 20 9
19 26 9
11 0 4
22 18 4
29 1 5
5 20 9
1 18 0
2 8 1
21 20 7
0 12 7
4 0 4
11 20 8
16 9 9
27 21 1
5 14 2
4 27 8
0 23 0
14 3 0
21 9 3
9 12 6
7 2 7
17 19 3
23 24 5
16 19 8
9 23 7
