50 
900
8 1 17
1 36 11
36 45 7
45 39 0
39 16 10
16 47 7
47 23 0
23 46 6
46 34 0
34 33 6
33 0 6
0 25 7
25 33 6
33 3 6
3 14 16
14 5 12
5 10 10
10 49 9
49 2 8
2 41 9
41 45 14
45 42 10
42 47 18
47 7 1
7 5 18
5 19 10
19 35 12
35 38 10
38 10 15
10 46 5
46 7 6
7 17 19
17 19 7
19 48 19
48 22 5
22 10 17
10 25 8
25 35 14
35 15 8
15 29 5
29 7 1
7 10 0
10 0 12
0 22 17
22 49 8
49 14 17
14 23 17
23 25 10
25 15 16
25 30 16
42 8 16
29 32 12
17 14 9
26 25 12
38 25 4
11 32 15
49 33 6
17 31 10
48 40 4
8 6 5
40 42 14
0 20 10
22 9 7
46 22 2
24 23 1
9 29 15
11 15 0
28 46 2
28 36 18
13 27 15
7 33 17
28 15 19
39 23 18
11 17 4
34 8 3
15 23 4
30 16 2
29 10 11
17 49 17
12 26 0
22 12 17
2 27 9
9 2 1
43 38 19
36 5 5
40 38 3
24 17 3
37 36 2
37 49 17
15 1 1
27 38 13
7 39 4
11 48 8
33 43 18
14 29 13
19 21 1
42 46 0
28 35 17
8 9 8
9 32 15
49 5 4
39 19 6
39 21 13
47 35 12
13 5 6
34 37 7
19 44 0
42 2 1
32 13 4
49 12 19
24 1 11
12 41 10
33 26 0
18 38 3
23 26 19
25 12 8
2 32 2
44 26 6
46 8 9
30 9 14
21 33 15
34 45 8
37 30 14
5 2 14
46 2 4
48 6 5
46 16 14
28 25 0
0 11 16
46 21 9
13 10 18
20 14 12
3 0 14
1 2 18
31 20 8
37 5 15
5 22 13
31 32 15
44 40 12
2 37 5
16 29 4
32 44 17
32 8 1
12 7 16
0 14 11
7 36 5
40 19 12
34 9 4
37 48 10
28 2 18
10 26 0
4 25 4
35 11 12
49 20 8
1 35 0
9 21 17
49 40 9
34 2 6
23 0 16
3 44 3
31 34 9
35 9 13
22 23 17
24 43 6
18 34 12
27 36 4
38 22 18
1 20 18
6 16 14
37 3 3
19 47 17
33 14 19
13 34 13
19 14 2
43 12 16
38 13 19
25 3 19
28 38 4
43 9 3
30 8 7
15 24 6
31 9 11
13 14 14
6 27 11
20 36 4
47 39 15
26 29 19
19 41 2
1 49 1
19 23 7
0 32 19
48 7 4
15 31 0
44 42 17
36 14 13
2 14 14
29 40 4
38 11 7
16 34 13
41 42 3
26 43 14
27 43 9
47 31 15
0 36 19
45 15 11
21 6 12
38 39 9
6 23 2
47 17 18
23 12 4
8 19 13
23 49 8
39 11 6
27 1 3
43 32 16
4 40 8
12 15 10
12 33 0
37 45 4
46 17 9
21 16 17
39 18 2
16 19 6
11 4 2
29 4 11
41 20 13
5 3 6
43 0 10
39 17 12
10 35 9
20 35 12
37 7 10
0 13 4
15 46 3
41 24 12
46 40 5
47 33 6
16 15 6
2 44 5
3 15 3
17 4 10
37 6 13
32 21 11
7 43 12
26 34 6
1 31 19
18 28 2
25 46 17
23 29 14
21 44 14
11 3 19
45 24 2
2 17 14
31 4 12
32 35 11
0 15 13
27 11 2
21 12 16
2 18 6
6 41 3
47 32 15
2 0 1
33 6 13
15 41 5
17 8 10
45 21 13
16 35 9
20 3 7
26 45 10
18 49 8
41 47 1
38 49 3
39 24 9
18 42 12
13 17 11
1 48 11
6 35 7
3 28 17
40 0 9
30 1 12
36 17 19
4 9 3
18 23 0
1 26 10
3 32 8
32 36 16
32 39 4
22 41 6
3 42 10
14 34 3
31 44 9
41 9 7
16 40 9
44 22 14
26 40 6
12 36 0
3 13 3
44 49 8
36 31 14
31 30 9
22 34 9
30 34 9
39 3 5
28 43 18
25 44 18
13 25 5
16 11 4
43 13 16
29 3 18
2 7 2
14 48 17
41 28 12
17 21 0
45 8 11
18 26 3
22 19 8
0 49 3
18 7 9
22 16 3
38 16 0
30 45 12
2 20 7
1 38 1
5 16 8
29 37 16
29 38 12
49 47 1
23 13 4
29 0 7
49 8 8
39 12 14
30 17 19
48 25 18
36 3 19
26 5 8
24 18 13
39 4 5
21 30 10
0 31 18
18 41 2
12 47 7
11 24 6
49 30 17
6 1 1
10 28 2
43 49 5
26 17 7
17 35 8
26 13 15
24 40 2
29 1 9
15 21 3
28 49 18
21 48 3
49 15 10
18 3 10
27 30 8
1 7 10
2 16 15
7 31 17
6 39 10
29 22 4
47 27 7
16 0 14
49 39 17
22 40 2
38 26 6
24 16 5
31 49 15
40 41 5
47 5 17
36 49 9
3 49 3
4 38 12
12 10 14
4 34 4
32 20 1
12 4 9
46 5 5
8 43 4
27 46 15
14 24 4
19 10 7
1 32 8
0 19 12
49 41 2
9 27 6
2 3 15
10 3 15
36 18 11
27 37 13
15 4 12
36 48 2
18 47 13
23 33 9
21 38 13
46 39 4
9 45 12
30 24 11
42 30 16
36 16 14
33 20 9
17 16 5
30 40 0
24 22 16
26 7 8
37 11 8
34 48 8
28 44 1
21 34 6
7 32 8
1 10 5
9 0 18
6 20 2
27 39 5
33 28 5
34 32 14
16 33 2
14 27 7
23 11 15
30 35 14
38 45 18
7 35 3
41 17 10
6 45 6
41 7 0
18 5 13
32 40 9
11 19 0
8 36 13
13 40 0
28 34 7
42 16 11
2 8 11
12 42 4
37 22 17
8 12 6
45 17 11
23 20 19
7 19 19
49 13 6
24 37 3
48 23 4
10 15 8
37 8 3
33 5 1
16 45 13
40 15 4
49 34 4
49 32 14
13 8 1
38 6 14
12 19 1
12 18 0
0 28 3
35 33 16
30 44 15
46 43 1
10 44 0
46 3 19
34 11 5
6 11 1
31 14 11
3 45 12
19 42 6
31 37 7
5 31 7
39 42 4
40 25 3
4 28 1
17 9 7
40 23 4
17 33 17
43 17 14
2 45 1
7 28 0
5 39 19
30 43 19
13 39 1
1 9 1
15 33 10
1 0 14
18 6 8
18 43 0
17 25 18
4 46 11
19 37 12
35 13 18
0 47 9
3 47 15
23 4 3
38 34 1
33 4 10
21 18 9
25 16 0
44 48 1
29 12 19
20 37 8
14 11 1
48 4 15
5 15 18
37 38 18
11 30 5
17 23 11
1 34 3
9 49 9
38 15 1
13 19 14
37 35 1
26 22 15
35 44 18
47 20 8
14 46 8
5 44 6
22 28 1
17 15 6
48 28 0
24 2 7
45 11 1
46 32 15
43 35 0
2 13 14
31 21 11
9 12 17
22 35 10
47 22 3
43 4 18
46 33 3
32 15 18
41 34 2
12 45 15
10 27 1
31 29 6
32 23 3
14 38 13
37 13 18
13 20 13
25 32 12
48 9 9
23 42 16
8 15 11
22 3 5
6 10 4
11 49 3
6 47 12
15 42 13
40 27 7
47 1 19
46 9 4
37 33 17
14 41 19
30 12 0
19 9 14
30 22 15
26 28 4
28 45 16
6 30 15
7 49 13
18 35 3
3 24 17
20 7 6
21 22 13
8 48 13
27 12 12
28 6 11
10 16 18
2 35 11
34 29 8
49 24 14
15 2 13
23 44 15
37 10 15
0 34 15
22 8 1
39 10 13
28 47 15
48 46 1
2 11 5
10 40 14
7 22 2
9 25 18
10 9 6
34 17 7
27 17 2
25 18 6
36 25 4
16 41 13
10 14 15
36 24 7
45 0 2
15 47 8
47 38 4
28 14 19
3 40 16
30 39 11
47 36 11
46 26 15
18 10 7
18 48 15
32 45 9
24 29 19
18 4 10
5 6 3
19 25 13
33 2 5
36 15 9
4 14 16
39 9 17
22 14 12
29 21 16
41 1 5
16 7 11
20 24 16
43 10 11
42 17 5
19 6 6
36 21 7
33 39 11
1 11 5
25 42 18
31 33 12
21 25 8
5 17 10
22 2 13
23 5 16
41 30 8
25 14 4
47 37 0
38 8 3
45 25 13
11 44 13
5 40 1
35 21 7
48 45 2
14 21 1
1 21 8
5 11 18
18 8 14
11 18 5
38 33 17
9 40 7
49 29 15
14 43 11
44 0 2
32 19 3
48 32 1
13 7 6
29 41 19
20 19 11
45 20 2
23 16 15
24 35 18
29 19 19
44 18 13
21 37 1
30 23 10
20 5 3
36 30 18
27 29 19
48 33 3
20 22 16
23 3 16
49 16 15
11 36 0
17 12 16
25 37 18
31 40 17
4 30 4
9 3 5
31 38 14
12 1 5
13 6 7
33 24 13
44 27 18
35 48 13
31 26 12
15 19 17
22 43 16
35 49 3
3 35 7
31 12 15
11 42 3
31 27 11
30 5 14
33 13 1
42 13 16
49 42 17
40 1 16
32 6 14
43 6 10
3 31 16
33 22 9
1 45 8
33 1 14
9 28 9
27 7 17
3 19 2
45 4 8
6 26 0
34 35 17
45 49 0
38 41 16
42 36 17
26 42 14
44 37 11
24 12 17
30 19 15
26 20 9
27 49 6
1 16 13
47 13 18
48 16 7
7 14 16
45 33 4
11 31 5
43 23 6
44 41 11
42 37 0
31 28 3
28 23 7
37 26 8
38 42 8
43 25 12
15 37 2
45 13 9
7 34 1
43 21 19
21 11 1
42 6 16
36 13 13
6 36 7
5 21 9
35 39 6
25 31 13
38 12 12
46 45 12
48 29 7
18 45 3
6 2 1
29 33 8
19 31 15
0 26 3
13 29 7
4 3 6
4 8 5
21 28 10
20 43 5
47 29 0
43 45 1
2 23 7
25 1 10
23 37 4
29 18 19
14 40 18
12 3 0
30 15 10
23 10 11
14 15 11
1 17 0
19 36 16
3 34 19
3 8 4
49 4 7
49 25 6
38 7 1
14 9 0
4 5 1
30 47 0
14 42 11
19 34 2
41 32 9
42 48 1
39 22 10
35 5 3
47 40 9
15 18 13
46 20 15
20 30 1
10 47 4
45 40 0
26 3 7
13 44 8
23 1 6
2 4 3
32 5 10
25 39 16
15 22 17
30 26 6
6 15 9
1 28 1
0 35 19
39 29 19
12 46 3
21 27 9
36 39 0
4 35 9
43 29 13
8 44 6
20 40 5
42 0 9
41 11 13
27 15 2
25 34 16
28 32 4
13 1 16
20 21 5
2 10 2
16 3 9
48 30 4
7 6 4
18 40 13
9 7 7
12 0 5
10 32 1
36 9 8
44 38 18
9 26 12
0 5 16
3 1 0
2 39 19
26 16 4
42 29 10
32 12 13
43 47 13
10 11 14
32 14 2
18 16 5
16 9 14
42 31 1
4 44 15
0 41 11
35 42 11
48 13 7
45 31 12
9 11 17
40 39 3
49 6 10
5 45 15
12 35 11
26 48 1
48 39 9
39 1 13
24 34 18
21 41 16
20 34 3
19 18 0
12 2 15
40 2 1
39 14 16
31 48 12
4 41 5
1 43 3
11 13 17
29 35 5
39 20 6
37 32 2
29 6 18
43 2 5
6 9 13
7 11 3
0 27 3
34 44 0
4 10 9
1 22 9
10 30 0
48 41 5
8 20 0
18 20 17
3 27 17
18 9 0
8 7 17
48 10 17
29 8 0
19 49 7
19 4 12
31 2 12
40 17 18
41 43 6
37 16 8
33 30 9
27 16 18
1 5 6
44 29 4
1 14 14
33 40 7
48 17 0
45 23 4
20 42 13
26 49 16
44 20 19
45 44 13
20 4 19
9 15 18
38 23 7
22 32 9
24 46 12
27 23 4
14 16 19
31 8 5
5 42 6
